1.729000000000000000e+04
2.628700000000000000e+04
3.708600000000000000e+04
1.058000000000000000e+04
1.513600000000000000e+04
3.083000000000000000e+03
3.325800000000000000e+04
4.755800000000000000e+04
2.171000000000000000e+04
1.579600000000000000e+04
4.698100000000000000e+04
3.325400000000000000e+04
5.396000000000000000e+03
2.508000000000000000e+04
1.925100000000000000e+04
3.259000000000000000e+03
2.004600000000000000e+04
1.254700000000000000e+04
2.510200000000000000e+04
2.949100000000000000e+04
1.750100000000000000e+04
3.246400000000000000e+04
2.815800000000000000e+04
1.885000000000000000e+03
3.617300000000000000e+04
4.285000000000000000e+03
4.846200000000000000e+04
7.809000000000000000e+03
3.333900000000000000e+04
4.468800000000000000e+04
4.187000000000000000e+03
4.367500000000000000e+04
2.469800000000000000e+04
3.926000000000000000e+04
4.553500000000000000e+04
3.148800000000000000e+04
1.160500000000000000e+04
1.863100000000000000e+04
2.043300000000000000e+04
4.745600000000000000e+04
3.056400000000000000e+04
4.547600000000000000e+04
1.686700000000000000e+04
3.583500000000000000e+04
2.384800000000000000e+04
1.227000000000000000e+04
1.679000000000000000e+03
3.756600000000000000e+04
1.340100000000000000e+04
3.159300000000000000e+04
7.663000000000000000e+03
2.573400000000000000e+04
3.653800000000000000e+04
1.469800000000000000e+04
2.372800000000000000e+04
7.606000000000000000e+03
4.202400000000000000e+04
2.839600000000000000e+04
1.617800000000000000e+04
6.974000000000000000e+03
3.926600000000000000e+04
4.224300000000000000e+04
3.213400000000000000e+04
4.298000000000000000e+03
3.525200000000000000e+04
5.536000000000000000e+03
2.782700000000000000e+04
1.941700000000000000e+04
6.808000000000000000e+03
2.798800000000000000e+04
4.980900000000000000e+04
3.856600000000000000e+04
4.504600000000000000e+04
3.064000000000000000e+04
1.174100000000000000e+04
2.195000000000000000e+03
3.087600000000000000e+04
3.113000000000000000e+03
1.209000000000000000e+04
8.168000000000000000e+03
3.132000000000000000e+04
3.732500000000000000e+04
1.436300000000000000e+04
8.312000000000000000e+03
1.309100000000000000e+04
4.158800000000000000e+04
3.820100000000000000e+04
4.418000000000000000e+04
1.725700000000000000e+04
4.099100000000000000e+04
3.596900000000000000e+04
1.378900000000000000e+04
4.672600000000000000e+04
1.326000000000000000e+04
4.287000000000000000e+03
1.542700000000000000e+04
4.855700000000000000e+04
3.104000000000000000e+03
1.694400000000000000e+04
1.557100000000000000e+04
