2.777700000000000000e+04
4.765100000000000000e+04
3.832100000000000000e+04
3.537300000000000000e+04
2.746000000000000000e+04
3.932900000000000000e+04
2.710400000000000000e+04
1.168900000000000000e+04
9.296000000000000000e+03
7.979000000000000000e+03
5.149000000000000000e+03
2.923000000000000000e+04
3.997400000000000000e+04
9.113000000000000000e+03
3.128800000000000000e+04
4.706000000000000000e+04
4.936200000000000000e+04
2.879000000000000000e+04
2.849000000000000000e+03
1.011200000000000000e+04
1.589600000000000000e+04
4.811000000000000000e+03
3.117700000000000000e+04
3.139400000000000000e+04
3.330300000000000000e+04
4.626100000000000000e+04
3.832900000000000000e+04
4.794000000000000000e+04
3.699400000000000000e+04
3.829100000000000000e+04
3.942300000000000000e+04
4.634900000000000000e+04
4.245500000000000000e+04
6.014000000000000000e+03
3.358200000000000000e+04
3.867900000000000000e+04
1.883300000000000000e+04
2.285500000000000000e+04
2.563900000000000000e+04
4.575400000000000000e+04
3.100300000000000000e+04
1.707700000000000000e+04
4.129400000000000000e+04
4.231000000000000000e+03
6.527000000000000000e+03
3.562400000000000000e+04
9.643000000000000000e+03
3.556600000000000000e+04
1.398400000000000000e+04
4.304400000000000000e+04
1.649400000000000000e+04
2.066900000000000000e+04
3.070300000000000000e+04
1.359200000000000000e+04
1.584500000000000000e+04
4.805000000000000000e+04
2.445200000000000000e+04
3.996700000000000000e+04
2.769100000000000000e+04
4.925400000000000000e+04
7.575000000000000000e+03
4.130000000000000000e+03
1.728700000000000000e+04
3.861000000000000000e+03
2.998000000000000000e+03
4.586300000000000000e+04
7.044000000000000000e+03
1.825700000000000000e+04
1.214600000000000000e+04
2.291000000000000000e+04
1.613800000000000000e+04
4.147900000000000000e+04
3.085200000000000000e+04
4.825800000000000000e+04
1.148300000000000000e+04
1.141100000000000000e+04
1.337700000000000000e+04
4.712500000000000000e+04
2.901700000000000000e+04
5.767000000000000000e+03
3.310000000000000000e+03
9.796000000000000000e+03
3.965300000000000000e+04
3.446800000000000000e+04
4.955000000000000000e+03
1.739400000000000000e+04
2.955600000000000000e+04
4.655100000000000000e+04
4.385500000000000000e+04
4.688800000000000000e+04
4.469200000000000000e+04
3.302400000000000000e+04
4.190400000000000000e+04
8.126000000000000000e+03
3.848300000000000000e+04
5.244000000000000000e+03
4.750400000000000000e+04
4.126100000000000000e+04
3.348300000000000000e+04
4.783000000000000000e+03
